10
10
0,0
9,9
383 777 793 386 649 362 690 763 540 172
211 567 782 862 67 929 22 69 393 11
229 421 784 198 315 413 -1 956 862 996
305 84 336 846 313 124 582 814 434 43
87 276 788 403 754 -1 676 739 226 94
795 434 467 97 317 652 -1 286 865 444
440 31 97 481 709 567 497 586 306 219
528 732 503 270 708 340 796 618 846 921
379 764 841 -1 34 124 987 743 227 859
432 437 275 474 858 29 235 818 143 928
14
0,0
13,13
776 443 613 -1 904 128 369 917 324 470 490 772 644 505
954 669 542 197 355 348 622 299 746 340 311 605 661 878
320 444 522 708 282 924 62 600 452 379 468 973 881 933
660 199 899 959 813 190 926 -1 90 376 936 445 179 887
348 659 336 342 206 713 321 819 721 939 940 705 127 984
920 422 396 630 292 672 625 222 640 898 298 524 209 819
732 994 379 273 850 860 579 993 621 504 961 326 944 202
784 842 528 872 958 36 753 303 133 890 567 368 500 788
249 303 363 253 686 152 975 157 -1 414 460 28 50 556
794 699 39 428 500 647 159 535 339 215 504 49 285 343
-1 238 949 367 292 743 829 -1 541 826 261 360 23 81
190 996 677 690 524 614 205 312 100 726 916 578 946 647
-1 631 857 312 214 512 412 610 189 355 620 987 338 770
856 -1 849 205 217 945 873 873 289 607 757 471 100 618
18
0,0
17,17
25 74 157 493 270 417 569 622 173 431 682 292 57 521 574 947 231 -1
54 98 81 516 231 796 -1 218 970 812 977 536 176 207 857 499 127 -1
818 563 244 805 291 955 589 993 805 822 717 93 126 486 543 814 179 762
88 710 294 346 137 153 573 925 710 217 963 90 130 571 633 789 604 805
868 485 195 -1 967 763 596 -1 36 770 211 532 379 270 172 -1 283 398
63 950 573 59 47 82 232 954 898 640 159 262 41 723 272 154 821 365
171 269 701 653 907 728 -1 84 334 991 898 52 189 506 16 109 0 109
81 338 426 147 787 532 281 850 590 350 813 494 81 720 982 487 296 404
892 297 134 506 57 595 962 483 154 309 932 21 -1 682 685 285 990 314
-1 892 528 525 -1 618 337 582 310 888 815 437 8 783 657 827 269 651
910 639 888 393 890 199 931 777 657 952 641 368 184 776 266 954 308 278
555 774 0 997 412 382 693 439 421 985 354 762 541 852 662 399 154 15
851 790 491 37 859 -1 987 590 970 665 69 361 351 300 638 364 32 104
679 412 969 170 -1 649 465 326 183 969 152 393 289 631 264 548 877 833
949 155 468 960 823 171 -1 245 761 323 100 75 42 659 289 469 551 383
133 304 981 666 967 192 902 131 174 718 183 487 573 62 933 496 141 726
980 485 305 29 -1 562 -1 641 -1 726 -1 708 938 493 -1 905 613 638
421 829 180 95 24 154 569 969 373 433 587 94 499 339 742 86 349 186
22
0,0
21,21
11 133 722 773 519 354 124 259 418 712 705 733 734 315 87 669 487 837 89 -1 704 557
403 892 522 443 361 378 700 882 899 589 353 948 36 107 417 -1 480 994 123 933 317 931
709 156 69 995 171 569 801 652 340 743 91 527 878 50 124 213 499 794 115 342 437 198
939 513 128 804 346 138 -1 421 226 158 356 645 446 111 603 825 216 174 596 267 13 -1
650 832 279 953 295 107 937 -1 584 -1 492 -1 939 735 873 164 251 751 339 165 302 79
547 484 561 931 528 494 543 123 187 643 988 -1 98 18 463 695 505 142 98 472 853 797
547 516 912 -1 553 932 35 107 49 861 334 325 428 763 -1 381 185 100 408 349 879 316
585 765 930 892 629 752 366 395 428 847 -1 62 629 100 397 775 -1 320 518 794 134 908
62 686 432 807 834 596 984 324 465 716 343 187 602 360 -1 941 924 135 162 870 163 -1
515 234 290 693 -1 494 213 382 475 738 951 811 168 813 499 535 464 346 72 740 623 57
793 -1 114 371 596 883 567 800 674 433 457 949 523 292 629 335 140 43 339 25 -1 -1
957 287 540 826 205 878 169 227 520 -1 883 267 382 511 553 608 768 -1 968 9 503 254
57 823 396 -1 12 855 854 134 281 973 638 413 899 484 661 780 923 -1 0 952 504 759
525 117 636 560 614 937 748 620 -1 832 4 458 127 368 569 341 374 605 901 989 490 732
699 0 457 348 17 169 569 128 18 585 280 754 707 400 21 -1 -1 634 325 461 142 191
-1 554 142 930 34 308 780 644 545 522 925 735 492 296 -1 49 512 589 448 428 557 576
-1 139 5 782 523 236 417 353 724 350 710 242 164 641 111 -1 790 955 916 781 958 806
901 674 265 566 669 134 536 906 697 260 570 986 8 277 136 693 946 367 96 540 95 950
802 630 525 690 161 934 795 135 -1 320 900 861 974 114 428 52 625 433 277 949 151 960
799 229 628 799 589 876 766 984 759 776 71 -1 684 490 775 781 250 428 264 758 944 769
977 257 142 472 595 265 249 467 558 -1 963 38 14 433 430 669 659 495 313 -1 29 892
443 7 313 513 96 856 699 69 195 889 369 8 704 295 414 364 251 210 738 193 626 945
